E_Coor
0 0
E_GlobalOpacity
255
E_Direction
195
E_Spread
37
E_Life
3,000
E_LoopMode
TRUE
E_Emission
206
E_Gravity
10 0
E_Type
1 150
P_ParticlesPositionsRelativeToEmitterPosition
FALSE
P_Texture
Cross.png
32 32
P_Frame
0 0
P_Life
3,629 0,000
P_ColorMode
1
P_BlendMode
1
P_Color
14 0,00000 255 255 0 1 0,02956 255 255 0 255 0,33498 255 255 0 174 0,37833 255 255 255 255 0,41379 255 255 0 159 0,53793 255 255 0 122 0,57537 255 255 255 255 0,60887 255 255 0 107 0,72512 255 255 0 73 0,74975 255 255 255 255 0,79310 255 255 0 56 0,83448 255 255 255 255 0,88571 255 255 0 32 1,00000 255 255 0 1
P_Velocity
34 16 2 0,00000 0,00000 1,00000 0,00000
P_AVelocity
0 0 2 0,00000 0,00000 1,00000 0,00000
P_Size
0,18000 0,00000 3 0,00000 1,00000 0,29951 0,97436 1,00000 0,20513
P_StartAngle
0 0
P_Spin
185 111 3 0,00000 0,01361 0,50542 1,90826 1,00000 0,01361
