E_Coor
0 0
E_GlobalOpacity
255
E_Direction
359
E_Spread
0
E_Life
3,000
E_LoopMode
TRUE
E_Emission
321
E_Gravity
0 0
E_Type
5 157
P_ParticlesPositionsRelativeToEmitterPosition
FALSE
P_Texture
sphere_particle.png
32 32
P_Frame
0 0
P_Life
1,065 0,000
P_ColorMode
1
P_BlendMode
1
P_Color
12 0,00000 0 0 255 197 0,13202 174 255 255 202 0,25714 128 0 64 202 0,51232 2 78 253 202 0,71232 0 0 255 203 0,71724 0 0 160 1 0,79704 0 160 160 202 0,80197 0 0 160 1 0,87488 255 255 255 197 0,87980 255 255 255 1 0,94483 255 255 255 199 1,00000 255 255 255 1
P_Velocity
156 31 2 0,00000 0,00000 1,00000 0,00000
P_AVelocity
0 0 2 0,00000 0,00000 1,00000 0,00000
P_Size
0,26000 0,12000 5 0,00000 1,04878 0,62365 1,00855 0,72611 2,94017 0,89458 0,99145 1,00000 0,13675
P_StartAngle
0 0
P_Spin
0 0 2 0,00000 -0,01361 1,00000 -0,01361
